mys
200.0
100.0
2.0
3.0
2.0
qwe
2.0
10.0
20.0
29.0
20.0
krzys
20.0
10.0
29.0
39.0
20.0
masło
20.0
10.0
20.0
47.0
0.0
rys
20.0
30.0
40.0
29.0
1.0
e
2.0
12.0
12.0
123.0
123.0
pyszotka
12.0
123.0
32.0
12.0
2.0
cos smacznego
200.0
100.0
90.0
20.0
2.0
smuti
300.0
29.0
28.0
19.0
38.0
kotlet
123.0
45.0
43.0
123.0
2.0
mniam
123.0
234.0
534.0
546.0
6456.0
ewq
123.0
312.0
32.0
12.0
2.0
rty
123.0
5345.0
34123.0
12.0
2.0
wikusia
5000.0
123.0
123.0
5345.0
2.0
lys
45.0
234.0
123.0
123.0
23.0
nigger
43.0
12345.0
24567.0
6758.0
43.0
